{
  "eating": 0.9864579439163208,
  "partner": 0.9980822801589966,
  "irritable": 0.9983174204826355,
  "mother": 0.9986562132835388,
  "speech": 0.9989161491394043,
  "depressed": 0.9990204572677612,
  "seem": 0.999332845211029,
  "quiet": 0.999339759349823,
  "son": 0.9993507862091064,
  "intervention": 0.9993544220924377,
  "insomnia": 0.9994314908981323,
  "recommend": 0.9994516968727112,
  "diabetes": 0.9994933605194092,
  "learning": 0.9995855093002319,
  "believe": 0.9996208548545837,
  "clinician": 0.9996833801269531,
  "alcohol": 0.999683678150177,
  "relationship": 0.9996967911720276,
  "daughter": 0.999697744846344,
  "suicide": 0.9997762441635132,
  "employment": 0.9997982978820801,
  "poor": 0.9997989535331726,
  "visa": 0.9998109340667725,
  "wife": 0.9998196363449097,
  "house": 0.999828577041626,
  "parent": 0.9998304843902588,
  "anxious": 0.9998474717140198,
  "suicidal": 0.9998577833175659,
  "weight": 0.9998621344566345,
  "behaviour": 0.9998706579208374,
  "treatment": 0.9999061226844788,
  "think": 0.9999138712882996,
  "father": 0.999922513961792,
  "child": 0.9999265074729919,
  "mood": 0.9999480843544006,
  "support": 0.9999552965164185,
  "anxiety": 0.9999592304229736,
  "sleep": 0.9999644160270691,
  "depression": 0.9999648332595825,
  "risk": 0.9999657273292542,
  "medication": 0.9999672770500183,
  "family": 0.9999710917472839,
  "appointment": 0.999971330165863,
  "assessment": 0.9999753832817078
}