{
  "eating": 0.9917532205581665,
  "weight": 0.992548942565918,
  "depressed": 0.9930969476699829,
  "speech": 0.9938012957572937,
  "believe": 0.9947558045387268,
  "car": 0.995522677898407,
  "childcare": 0.9960909485816956,
  "employment": 0.9964249730110168,
  "seem": 0.9971779584884644,
  "anxiety": 0.9974645972251892,
  "pregnancy": 0.9978121519088745,
  "alcohol": 0.998163640499115,
  "suicide": 0.9983607530593872,
  "doctor": 0.998386561870575,
  "husband": 0.9987871050834656,
  "anxious": 0.9989751577377319,
  "behaviour": 0.9992284178733826,
  "poor": 0.9993249177932739,
  "daughter": 0.9994443655014038,
  "intervention": 0.9994565844535828,
  "son": 0.9994798898696899,
  "learning": 0.9995103478431702,
  "house": 0.999511182308197,
  "suicidal": 0.999525249004364,
  "treatment": 0.9996019601821899,
  "immigration": 0.9996181726455688,
  "schedule": 0.9996612668037415,
  "think": 0.9997392296791077,
  "father": 0.9997421503067017,
  "relationship": 0.9997662901878357,
  "depression": 0.999815046787262,
  "mother": 0.9998398423194885,
  "medication": 0.9998593926429749,
  "partner": 0.9998791813850403,
  "mood": 0.9998911619186401,
  "parent": 0.9998992085456848,
  "sleep": 0.9999058842658997,
  "risk": 0.9999226927757263,
  "family": 0.9999334812164307,
  "appointment": 0.9999402165412903,
  "assessment": 0.9999526739120483,
  "support": 0.9999533891677856,
  "child": 0.9999601244926453
}