{
  "weight": 0.9927526116371155,
  "believe": 0.996790885925293,
  "depressed": 0.9970190525054932,
  "employment": 0.9971585273742676,
  "alcohol": 0.9974281191825867,
  "speech": 0.9975793957710266,
  "anxiety": 0.9976136088371277,
  "suicide": 0.9985333681106567,
  "partner": 0.9985491633415222,
  "seem": 0.9989626407623291,
  "eating": 0.9990854859352112,
  "mother": 0.9991796016693115,
  "learning": 0.9991943836212158,
  "anxious": 0.9993653297424316,
  "behaviour": 0.999521791934967,
  "poor": 0.999697208404541,
  "suicidal": 0.9997097849845886,
  "treatment": 0.9997548460960388,
  "house": 0.9997568130493164,
  "father": 0.9997701644897461,
  "intervention": 0.9997771978378296,
  "daughter": 0.9997824430465698,
  "son": 0.9998177289962769,
  "think": 0.999829113483429,
  "depression": 0.9998546242713928,
  "relationship": 0.9998596906661987,
  "parent": 0.9998795986175537,
  "medication": 0.9998971223831177,
  "mood": 0.9999281167984009,
  "sleep": 0.9999354481697083,
  "risk": 0.9999505281448364,
  "child": 0.999952495098114,
  "appointment": 0.9999545812606812,
  "family": 0.999954879283905,
  "assessment": 0.9999614357948303,
  "support": 0.9999622702598572
}