{
  "cultural": 0.5902958512306213,
  "reschedule": 0.7089601159095764,
  "schedule": 0.7326433658599854,
  "wife": 0.785191535949707,
  "schizophrenia": 0.8345091938972473,
  "suicidal": 0.835268497467041,
  "poor": 0.8354213237762451,
  "medicate": 0.8366643786430359,
  "suicide": 0.8423126339912415,
  "appointment": 0.853123128414154,
  "irritable": 0.8551939725875854,
  "partner": 0.8619400858879089,
  "father": 0.8736333847045898,
  "sleep": 0.8781477808952332,
  "paranoia": 0.8792181611061096,
  "house": 0.8840820789337158,
  "alcohol": 0.8900111317634583,
  "mood": 0.8906399011611938,
  "violent": 0.8923505544662476,
  "anxious": 0.8955003619194031,
  "paranoid": 0.8976615071296692,
  "anxiety": 0.8977758884429932,
  "rape": 0.8979987502098083,
  "personality": 0.9007598161697388,
  "childcare": 0.9014752507209778,
  "risk": 0.902126669883728,
  "doctor": 0.904066801071167,
  "behaviour": 0.9042867422103882,
  "relationship": 0.9049273133277893,
  "speech": 0.9051849246025085,
  "son": 0.9062575697898865,
  "claim": 0.9102957248687744,
  "delusional": 0.910579264163971,
  "poverty": 0.9129090309143066,
  "mother": 0.9138553142547607,
  "depression": 0.917661190032959,
  "depressed": 0.9190468192100525,
  "husband": 0.9202079176902771,
  "pregnancy": 0.9262141585350037,
  "medication": 0.9279487133026123,
  "think": 0.9283883571624756,
  "immigration": 0.9302018880844116,
  "daughter": 0.934220552444458,
  "seem": 0.9344305396080017,
  "bipolar": 0.9347941875457764,
  "child": 0.9359846115112305,
  "job": 0.9365373849868774,
  "insomnia": 0.9400205612182617,
  "eating": 0.9401379227638245,
  "believe": 0.9408835768699646,
  "family": 0.9415413737297058,
  "diabetes": 0.9468897581100464,
  "weight": 0.9481073617935181,
  "parent": 0.9491016864776611,
  "support": 0.9559674859046936,
  "pregnant": 0.9595370888710022,
  "autism": 0.9652197957038879,
  "intervention": 0.9661213159561157,
  "therapist": 0.9677499532699585,
  "learning": 0.9681616425514221,
  "clinician": 0.9712033271789551,
  "treatment": 0.9733342528343201,
  "marriage": 0.9766595363616943,
  "recommend": 0.9778773188591003,
  "quiet": 0.9818788170814514,
  "opinion": 0.9828993082046509,
  "car": 0.9837703704833984,
  "employment": 0.9851118326187134,
  "assessment": 0.9916996359825134,
  "culture": 0.9950021505355835
}