{
  "weight": 0.9922687411308289,
  "depressed": 0.9940834045410156,
  "speech": 0.9957263469696045,
  "believe": 0.9959762096405029,
  "alcohol": 0.9964854121208191,
  "seem": 0.997014582157135,
  "anxiety": 0.9975484013557434,
  "doctor": 0.9979844689369202,
  "suicide": 0.9979919791221619,
  "anxious": 0.9991120100021362,
  "schedule": 0.9993240833282471,
  "poor": 0.9994475245475769,
  "suicidal": 0.9995359778404236,
  "behaviour": 0.9995510578155518,
  "house": 0.9995921850204468,
  "daughter": 0.9996077418327332,
  "intervention": 0.9996182322502136,
  "treatment": 0.9996601343154907,
  "think": 0.9996877312660217,
  "parent": 0.9997053146362305,
  "father": 0.9997499585151672,
  "relationship": 0.9997940063476562,
  "mother": 0.9997956156730652,
  "medication": 0.9997981190681458,
  "depression": 0.9998205304145813,
  "mood": 0.9998388290405273,
  "risk": 0.999856173992157,
  "sleep": 0.999880850315094,
  "partner": 0.999906063079834,
  "family": 0.9999142289161682,
  "support": 0.9999240040779114,
  "appointment": 0.999937891960144,
  "assessment": 0.9999406337738037,
  "child": 0.9999606609344482
}