{
  "schedule": 0.7587559223175049,
  "suicidal": 0.8050733804702759,
  "poor": 0.8063734173774719,
  "suicide": 0.8112277388572693,
  "partner": 0.8363536596298218,
  "father": 0.8497974872589111,
  "sleep": 0.8528680801391602,
  "house": 0.8609288930892944,
  "alcohol": 0.8645727038383484,
  "mood": 0.865700364112854,
  "anxious": 0.8729737401008606,
  "appointment": 0.8733657002449036,
  "anxiety": 0.8742979764938354,
  "risk": 0.8806453943252563,
  "childcare": 0.8815778493881226,
  "speech": 0.8826947212219238,
  "relationship": 0.8835739493370056,
  "behaviour": 0.8838104605674744,
  "son": 0.8849194645881653,
  "mother": 0.8928840756416321,
  "depressed": 0.8936118483543396,
  "depression": 0.8975956439971924,
  "husband": 0.8986528515815735,
  "pregnancy": 0.9050078392028809,
  "council": 0.9061437249183655,
  "think": 0.9083995223045349,
  "medication": 0.9087716341018677,
  "immigration": 0.9124789834022522,
  "seem": 0.9130088686943054,
  "daughter": 0.9158170819282532,
  "child": 0.9169504046440125,
  "doctor": 0.9191594123840332,
  "believe": 0.9215994477272034,
  "weight": 0.9227260947227478,
  "family": 0.9244124293327332,
  "listen": 0.9257506728172302,
  "parent": 0.933691680431366,
  "eating": 0.9355003237724304,
  "support": 0.9420527219772339,
  "intervention": 0.9528571367263794,
  "learning": 0.957222580909729,
  "treatment": 0.9616115093231201,
  "employment": 0.9725503921508789,
  "car": 0.9774472117424011,
  "assessment": 0.9926292300224304
}