{
  "partner": 0.998359739780426,
  "mother": 0.9986536502838135,
  "cancel": 0.9988834261894226,
  "recommend": 0.9989466667175293,
  "learning": 0.9991361498832703,
  "seem": 0.9992462992668152,
  "depressed": 0.9993067979812622,
  "son": 0.9994510412216187,
  "intervention": 0.9995365142822266,
  "diabetes": 0.9995558261871338,
  "speech": 0.9995765089988708,
  "relationship": 0.9997331500053406,
  "daughter": 0.9997745752334595,
  "parent": 0.9997960925102234,
  "suicide": 0.9998152256011963,
  "poor": 0.9998160004615784,
  "believe": 0.9998181462287903,
  "irritable": 0.9998270869255066,
  "quiet": 0.9998289346694946,
  "employment": 0.9998305439949036,
  "alcohol": 0.9998356699943542,
  "suicidal": 0.9998472332954407,
  "house": 0.9998520612716675,
  "anxious": 0.9998621344566345,
  "medication": 0.9998649954795837,
  "behaviour": 0.9998677968978882,
  "risk": 0.9998701214790344,
  "think": 0.9998723864555359,
  "mood": 0.9998798966407776,
  "weight": 0.9998921155929565,
  "treatment": 0.9998983144760132,
  "support": 0.9999068379402161,
  "family": 0.9999159574508667,
  "sleep": 0.9999232292175293,
  "child": 0.9999275803565979,
  "wife": 0.9999298453330994,
  "father": 0.9999352097511292,
  "anxiety": 0.9999368786811829,
  "depression": 0.9999400973320007,
  "assessment": 0.9999549388885498,
  "appointment": 0.9999641180038452
}