{
  "reschedule": 0.7196670174598694,
  "schedule": 0.7476316690444946,
  "wife": 0.7646943926811218,
  "schizophrenia": 0.8130018711090088,
  "suicidal": 0.8170415163040161,
  "poor": 0.8183789253234863,
  "suicide": 0.8224936127662659,
  "partner": 0.8435680866241455,
  "irritable": 0.8447574973106384,
  "father": 0.8578752875328064,
  "sleep": 0.8636505007743835,
  "paranoia": 0.864696204662323,
  "house": 0.8681891560554504,
  "appointment": 0.8686800599098206,
  "alcohol": 0.8764452934265137,
  "mood": 0.8773744106292725,
  "paranoid": 0.8775025606155396,
  "anxious": 0.8808547258377075,
  "anxiety": 0.8836995959281921,
  "personality": 0.8860926032066345,
  "relationship": 0.8905864953994751,
  "speech": 0.8907886743545532,
  "behaviour": 0.8914873003959656,
  "risk": 0.8918986916542053,
  "son": 0.8930060863494873,
  "addiction": 0.8972158432006836,
  "mother": 0.9023603796958923,
  "depression": 0.9052625894546509,
  "depressed": 0.9075679183006287,
  "agitated": 0.9147984981536865,
  "doctor": 0.9171964526176453,
  "think": 0.9172238111495972,
  "medication": 0.9185004234313965,
  "daughter": 0.9227353930473328,
  "child": 0.9231439232826233,
  "seem": 0.9234374165534973,
  "job": 0.9250651001930237,
  "believe": 0.9291144013404846,
  "family": 0.9315693974494934,
  "weight": 0.9355860352516174,
  "diabetes": 0.936733067035675,
  "parent": 0.9368874430656433,
  "support": 0.9477347135543823,
  "intervention": 0.9576461315155029,
  "cancel": 0.9634914398193359,
  "learning": 0.9639879465103149,
  "treatment": 0.9658011794090271,
  "unwilling": 0.9693360328674316,
  "recommend": 0.9721723198890686,
  "marriage": 0.9742465019226074,
  "quiet": 0.9782758951187134,
  "articulate": 0.9797351360321045,
  "employment": 0.9798823595046997,
  "car": 0.9799355268478394,
  "assessment": 0.9924266338348389
}