{
  "schedule": 0.9999998807907104,
  "treatment": 0.9999998807907104,
  "doctor": 0.9999998807907104,
  "suicide": 0.9999998807907104,
  "pregnancy": 0.9999998807907104,
  "seem": 0.9999998807907104,
  "behaviour": 0.9999998807907104,
  "relationship": 0.9999998807907104,
  "husband": 0.9999998807907104,
  "mood": 0.9999998807907104,
  "sleep": 0.9999998807907104,
  "employment": 0.9999998807907104,
  "believe": 0.9999999403953552,
  "medication": 0.9999999403953552,
  "poor": 0.9999999403953552,
  "car": 0.9999999403953552,
  "eating": 0.9999999403953552,
  "assessment": 0.9999999403953552,
  "anxious": 1.0,
  "learning": 1.0,
  "childcare": 1.0,
  "alcohol": 1.0,
  "anxiety": 1.0,
  "speech": 1.0,
  "weight": 1.0,
  "council": 1.0,
  "listen": 1.0,
  "child": 1.0,
  "intervention": 1.0,
  "support": 1.0,
  "appointment": 1.0,
  "family": 1.0,
  "risk": 1.0,
  "parent": 1.0,
  "partner": 1.0,
  "daughter": 1.0,
  "mother": 1.0,
  "think": 1.0,
  "father": 1.0,
  "suicidal": 1.0,
  "house": 1.0,
  "son": 1.0,
  "immigration": 1.0,
  "depression": 1.0,
  "depressed": 1.0
}