{
  "diabetes": -0.06764791905879974,
  "ethnic": 0.3145360052585602,
  "medicate": 0.4394276440143585,
  "articulate": 0.7387413382530212,
  "cultural": 0.7580755949020386,
  "council": 0.7683663368225098,
  "speech": 0.7765900492668152,
  "quiet": 0.8540655374526978,
  "car": 0.854655921459198,
  "delusional": 0.858366072177887,
  "employment": 0.8622551560401917,
  "marriage": 0.8738551735877991,
  "learning": 0.8871963024139404,
  "poverty": 0.8983821868896484,
  "aggressive": 0.9057355523109436,
  "eating": 0.9059359431266785,
  "agitated": 0.9145180583000183,
  "unwilling": 0.9164657592773438,
  "insomnia": 0.916928768157959,
  "unemployed": 0.9177693724632263,
  "immigration": 0.9188714027404785,
  "weight": 0.9196650385856628,
  "paranoia": 0.9202949404716492,
  "bipolar": 0.9266300201416016,
  "addiction": 0.9322099089622498,
  "personality": 0.9334318041801453,
  "cancel": 0.9352513551712036,
  "schizophrenia": 0.942766547203064,
  "believe": 0.9532597064971924,
  "childcare": 0.953506350517273,
  "therapist": 0.9544680714607239,
  "depressed": 0.9564154148101807,
  "claim": 0.957290530204773,
  "paranoid": 0.9588223695755005,
  "assessment": 0.9597152471542358,
  "seem": 0.9636493921279907,
  "wife": 0.9655678272247314,
  "doctor": 0.9671908617019653,
  "reschedule": 0.9688664674758911,
  "recommend": 0.9712411761283875,
  "manic": 0.9715628027915955,
  "violent": 0.9718250632286072,
  "clinician": 0.975457489490509,
  "support": 0.975589394569397,
  "job": 0.9766708016395569,
  "appointment": 0.9774121642112732,
  "rape": 0.977813184261322,
  "anxious": 0.9784132838249207,
  "irritable": 0.9793635606765747,
  "behaviour": 0.981357991695404,
  "husband": 0.9820119738578796,
  "alcohol": 0.9833308458328247,
  "suicide": 0.9841747879981995,
  "listen": 0.984374463558197,
  "treatment": 0.9855233430862427,
  "suicidal": 0.985763669013977,
  "schedule": 0.9869941473007202,
  "daughter": 0.9871742725372314,
  "intervention": 0.9876401424407959,
  "think": 0.988124668598175,
  "house": 0.9885504245758057,
  "parent": 0.988990306854248,
  "risk": 0.9895561337471008,
  "child": 0.9898834228515625,
  "opinion": 0.9899740815162659,
  "mood": 0.9901469945907593,
  "sleep": 0.9901660084724426,
  "anxiety": 0.99173504114151,
  "depression": 0.9926806688308716,
  "mother": 0.9942472577095032,
  "son": 0.9949150681495667,
  "poor": 0.9950965046882629,
  "pregnant": 0.9951156973838806,
  "partner": 0.9965260624885559,
  "medication": 0.996613621711731,
  "pregnancy": 0.9973074197769165,
  "family": 0.9973729252815247,
  "relationship": 0.9976834654808044,
  "father": 0.9980541467666626
}