{
  "diabetes": -0.2973143756389618,
  "speech": 0.4639841914176941,
  "delusional": 0.6018887162208557,
  "reschedule": 0.6293923258781433,
  "paranoia": 0.667079746723175,
  "wife": 0.6687384843826294,
  "schedule": 0.6801056861877441,
  "english": 0.7131809592247009,
  "poverty": 0.71369469165802,
  "personality": 0.7230519652366638,
  "schizophrenia": 0.7460107207298279,
  "visa": 0.7510417699813843,
  "eating": 0.7534670233726501,
  "bipolar": 0.7666704058647156,
  "paranoid": 0.770085871219635,
  "appointment": 0.7719804644584656,
  "weight": 0.7729553580284119,
  "quiet": 0.775239884853363,
  "insomnia": 0.777512788772583,
  "suicide": 0.7837057113647461,
  "irritable": 0.7842115163803101,
  "employment": 0.7871573567390442,
  "learning": 0.7876205444335938,
  "depressed": 0.789737343788147,
  "violent": 0.7914648056030273,
  "car": 0.7981445789337158,
  "immigration": 0.8062240481376648,
  "anxious": 0.812131941318512,
  "poor": 0.817026674747467,
  "marriage": 0.8176153898239136,
  "believe": 0.8211058974266052,
  "behaviour": 0.8269640207290649,
  "sleep": 0.8272632360458374,
  "rape": 0.8283503651618958,
  "house": 0.8286467790603638,
  "alcohol": 0.8293376564979553,
  "seem": 0.8297277688980103,
  "medicine": 0.8466598391532898,
  "suicidal": 0.8500808477401733,
  "medicate": 0.8546345233917236,
  "husband": 0.8546529412269592,
  "anxiety": 0.8692439794540405,
  "mood": 0.8772459626197815,
  "job": 0.8813654780387878,
  "father": 0.8825858235359192,
  "son": 0.8919472694396973,
  "daughter": 0.8920782804489136,
  "depression": 0.8924856185913086,
  "mother": 0.8946633338928223,
  "risk": 0.9000734686851501,
  "cultural": 0.9018594622612,
  "relationship": 0.9065595269203186,
  "childcare": 0.9068701863288879,
  "partner": 0.9084824323654175,
  "think": 0.9093426465988159,
  "therapist": 0.9103577733039856,
  "parent": 0.915789783000946,
  "pregnancy": 0.9183387160301208,
  "assessment": 0.9270938634872437,
  "claim": 0.9343542456626892,
  "clinician": 0.9371606707572937,
  "family": 0.9422008991241455,
  "child": 0.9496810436248779,
  "doctor": 0.9550919532775879,
  "pregnant": 0.9560768008232117,
  "medication": 0.956396222114563,
  "intervention": 0.9633335471153259,
  "recommend": 0.963568925857544,
  "support": 0.9736513495445251,
  "opinion": 0.9748775362968445,
  "treatment": 0.9794603586196899
}