{
  "mood": 0.8910353183746338,
  "appointment": 0.8995800614356995,
  "medication": 0.9383471608161926,
  "support": 0.9565258026123047,
  "anxiety": 0.9602704048156738,
  "suicidal": 0.962539792060852,
  "sleep": 0.9640694856643677,
  "mother": 0.967498779296875,
  "assessment": 0.9689833521842957,
  "think": 0.9694303870201111,
  "risk": 0.9730930924415588,
  "family": 0.9769539833068848,
  "learning": 0.9775732755661011,
  "relationship": 0.9813254475593567,
  "alcohol": 0.9837811589241028,
  "suicide": 0.9845918416976929,
  "cancel": 0.9852576851844788,
  "depression": 0.9857543706893921,
  "poor": 0.9868361949920654,
  "treatment": 0.9869953989982605,
  "partner": 0.9877969026565552,
  "house": 0.9893305897712708,
  "anxious": 0.9898204803466797,
  "child": 0.9905408620834351,
  "wife": 0.9905699491500854,
  "depressed": 0.9908207654953003,
  "recommend": 0.9923149943351746,
  "daughter": 0.9941815733909607,
  "seem": 0.9946449995040894,
  "father": 0.9949605464935303,
  "son": 0.9961193799972534,
  "believe": 0.9964431524276733,
  "irritable": 0.9967015981674194,
  "clinician": 0.9972187876701355,
  "parent": 0.9976574778556824,
  "eating": 0.9978030920028687,
  "weight": 0.9979658126831055,
  "employment": 0.9981819987297058,
  "intervention": 0.9984205365180969,
  "aggressive": 0.9984384179115295,
  "speech": 0.9986220598220825,
  "insomnia": 0.9987207055091858,
  "behaviour": 0.9988230466842651,
  "diabetes": 0.9992983937263489,
  "quiet": 0.9993984699249268
}