{
  "ethnic": -0.34609508514404297,
  "diabetes": -0.2903682291507721,
  "speech": 0.4256496727466583,
  "delusional": 0.5515028834342957,
  "reschedule": 0.5922691226005554,
  "aggressive": 0.6081582307815552,
  "paranoia": 0.6372131705284119,
  "schedule": 0.647004246711731,
  "poverty": 0.6770218014717102,
  "agitated": 0.6874512434005737,
  "appointment": 0.692485511302948,
  "bipolar": 0.698618471622467,
  "personality": 0.7065910696983337,
  "wife": 0.7106817960739136,
  "autistic": 0.7269911170005798,
  "quiet": 0.7281408905982971,
  "car": 0.7363579273223877,
  "eating": 0.7468235492706299,
  "insomnia": 0.7523651123046875,
  "weight": 0.764112114906311,
  "employment": 0.7758793830871582,
  "violent": 0.7769474983215332,
  "immigration": 0.7839058637619019,
  "paranoid": 0.7882260680198669,
  "irritable": 0.7910287380218506,
  "medicate": 0.7926032543182373,
  "learning": 0.7936616539955139,
  "medicine": 0.8019123673439026,
  "rape": 0.8046727776527405,
  "addiction": 0.8048756718635559,
  "behaviour": 0.814350426197052,
  "believe": 0.8209857940673828,
  "depressed": 0.8252717852592468,
  "suicide": 0.8306884765625,
  "marriage": 0.8323829174041748,
  "seem": 0.8418331742286682,
  "anxious": 0.8481467366218567,
  "council": 0.8531582951545715,
  "manic": 0.8547810912132263,
  "cancel": 0.8598498702049255,
  "unemployed": 0.8629387021064758,
  "poor": 0.8639088869094849,
  "house": 0.8643854856491089,
  "job": 0.8650888800621033,
  "alcohol": 0.8812613487243652,
  "cultural": 0.8827195167541504,
  "husband": 0.884074866771698,
  "listen": 0.8869737386703491,
  "father": 0.8945344686508179,
  "son": 0.894726574420929,
  "daughter": 0.903274416923523,
  "assessment": 0.9056167006492615,
  "therapist": 0.907164990901947,
  "parent": 0.9094911813735962,
  "sleep": 0.9162440299987793,
  "suicidal": 0.916822075843811,
  "pregnancy": 0.9184807538986206,
  "claim": 0.9238598942756653,
  "depression": 0.9282810688018799,
  "risk": 0.9304068088531494,
  "partner": 0.9330410361289978,
  "clinician": 0.9349610805511475,
  "intervention": 0.9467523694038391,
  "relationship": 0.9475389719009399,
  "pregnant": 0.9476508498191833,
  "anxiety": 0.9490876197814941,
  "mother": 0.9524309635162354,
  "child": 0.9597553014755249,
  "think": 0.965133011341095,
  "recommend": 0.9679200053215027,
  "doctor": 0.9697508811950684,
  "family": 0.974001944065094,
  "mood": 0.9741744995117188,
  "treatment": 0.9848616719245911,
  "support": 0.9850385189056396,
  "opinion": 0.9894834756851196,
  "medication": 0.99687260389328
}