{
  "mood": 0.8978903293609619,
  "appointment": 0.9060641527175903,
  "medication": 0.9439365863800049,
  "support": 0.9614694118499756,
  "anxiety": 0.9649430513381958,
  "suicidal": 0.9666833281517029,
  "sleep": 0.9679833650588989,
  "mother": 0.9715500473976135,
  "assessment": 0.9726059436798096,
  "think": 0.973060667514801,
  "risk": 0.9763679504394531,
  "family": 0.9802921414375305,
  "alcohol": 0.9831987619400024,
  "relationship": 0.9842678904533386,
  "learning": 0.9845580458641052,
  "suicide": 0.9866278171539307,
  "depressed": 0.9876102805137634,
  "depression": 0.9883342385292053,
  "poor": 0.9887673258781433,
  "schedule": 0.9894803166389465,
  "treatment": 0.9896525740623474,
  "weight": 0.9904150366783142,
  "house": 0.9912031888961792,
  "partner": 0.9914525151252747,
  "husband": 0.9914844036102295,
  "anxious": 0.9915891289710999,
  "immigration": 0.9921928644180298,
  "child": 0.9926852583885193,
  "believe": 0.9928149580955505,
  "speech": 0.9937049150466919,
  "seem": 0.9938554167747498,
  "car": 0.9942755103111267,
  "employment": 0.9949980974197388,
  "daughter": 0.9956643581390381,
  "father": 0.9961808323860168,
  "doctor": 0.996872067451477,
  "council": 0.9968888163566589,
  "listen": 0.9970160722732544,
  "pregnancy": 0.9972187280654907,
  "son": 0.9974003434181213,
  "eating": 0.998418927192688,
  "parent": 0.9985823035240173,
  "behaviour": 0.9987433552742004,
  "intervention": 0.9989124536514282
}