{
  "mood": 0.8949996829032898,
  "appointment": 0.8982945084571838,
  "medication": 0.9418334364891052,
  "support": 0.9584329724311829,
  "anxiety": 0.9613074660301208,
  "suicidal": 0.9643663167953491,
  "sleep": 0.9655917882919312,
  "assessment": 0.9694583415985107,
  "mother": 0.9695166945457458,
  "think": 0.9709611535072327,
  "risk": 0.9751767516136169,
  "family": 0.9782281517982483,
  "relationship": 0.9815654754638672,
  "alcohol": 0.9842109084129333,
  "learning": 0.9842256903648376,
  "cancel": 0.9848943948745728,
  "suicide": 0.9858608841896057,
  "depression": 0.9864121675491333,
  "reschedule": 0.9865218997001648,
  "schedule": 0.9873190522193909,
  "poor": 0.9876669049263,
  "treatment": 0.9877192974090576,
  "partner": 0.9891469478607178,
  "house": 0.9894394278526306,
  "anxious": 0.9902659058570862,
  "child": 0.9908140301704407,
  "wife": 0.9910956025123596,
  "depressed": 0.9918846487998962,
  "recommend": 0.993679404258728,
  "marriage": 0.9938933253288269,
  "paranoid": 0.9939168691635132,
  "daughter": 0.9948320984840393,
  "father": 0.9950658082962036,
  "addiction": 0.9955118894577026,
  "seem": 0.9956621527671814,
  "believe": 0.9967612028121948,
  "son": 0.9968411326408386,
  "irritable": 0.9968502521514893,
  "parent": 0.9971166253089905,
  "weight": 0.9979118704795837,
  "personality": 0.998070478439331,
  "employment": 0.9984378218650818,
  "doctor": 0.9984807372093201,
  "agitated": 0.9988663196563721,
  "job": 0.9989644289016724,
  "intervention": 0.9989766478538513,
  "behaviour": 0.9989842176437378,
  "quiet": 0.9990957379341125,
  "paranoia": 0.9992243647575378,
  "speech": 0.9993462562561035,
  "car": 0.9993811249732971,
  "diabetes": 0.99971604347229
}