{
  "speech": 0.3606695830821991,
  "eating": 0.6749147176742554,
  "weight": 0.6864204406738281,
  "suicide": 0.6988534331321716,
  "depressed": 0.7027802467346191,
  "employment": 0.7063559293746948,
  "learning": 0.7172052264213562,
  "anxious": 0.7375131845474243,
  "poor": 0.738490879535675,
  "immigration": 0.7446092367172241,
  "car": 0.7483752369880676,
  "sleep": 0.7497642636299133,
  "believe": 0.7503049373626709,
  "alcohol": 0.7519356608390808,
  "behaviour": 0.7520751357078552,
  "seem": 0.7544627785682678,
  "house": 0.7564632892608643,
  "schedule": 0.7587987780570984,
  "suicidal": 0.7786780595779419,
  "husband": 0.7829859852790833,
  "anxiety": 0.7985832095146179,
  "mood": 0.8094320297241211,
  "father": 0.8201899528503418,
  "depression": 0.8294774293899536,
  "son": 0.8311575651168823,
  "daughter": 0.8315109014511108,
  "mother": 0.8316633701324463,
  "appointment": 0.8342677354812622,
  "relationship": 0.8476120233535767,
  "listen": 0.8476731777191162,
  "risk": 0.8477324843406677,
  "partner": 0.8498395085334778,
  "think": 0.8566973805427551,
  "childcare": 0.8602252006530762,
  "pregnancy": 0.860872209072113,
  "parent": 0.8643442988395691,
  "council": 0.8917385339736938,
  "family": 0.894525408744812,
  "child": 0.907697856426239,
  "medication": 0.9163740873336792,
  "intervention": 0.9373881816864014,
  "assessment": 0.9616047143936157,
  "support": 0.9636447429656982,
  "treatment": 0.9646262526512146,
  "doctor": 0.979855477809906
}